0.0  0.9442288  0.98447394  0.8173647  0.81164455  0.69213486  0.86905  0.28253317  0.8398366  0.56956077  0.52420837  0.9957099  0.9442288  0.8539326  0.8539326  0.84004086  0.84126663  0.7438202  0.59673136  0.9644535  0.8539326  0.54954034  0.96118486  0.68580186  0.6778345  0.8855975  0.9787538  1.0  0.9421859  0.93503577  
0.9442288  0.0  0.9957099  1.0  1.0  1.0  0.90990806  0.90990806  0.9914198  0.98712975  0.7570991  1.0  0.8757916  0.74320734  0.70806944  0.85025537  0.6727273  0.84596527  0.97854954  0.9360572  0.76404494  0.7546476  0.9656793  0.97854954  0.97854954  0.82757914  0.81368744  0.37385088  0.90561795  0.888049  
0.98447394  0.9957099  0.0  0.9783453  0.95566905  0.36322778  0.9170582  0.9587334  0.9711951  0.98447394  0.97180796  0.6040858  0.9948928  0.97221655  0.9775281  0.371808  0.37385088  0.7346271  0.9385087  0.9628192  0.9875383  0.9630235  0.98283964  0.993667  0.9977528  0.9953013  0.9983657  1.0  0.3777324  0.8496425  
0.8173647  1.0  0.9783453  0.0  0.30929518  0.68396324  0.7240041  0.8061287  0.1611849  0.6490296  0.683759  0.9924413  0.9914198  0.9440245  0.99979573  0.8083759  0.8631256  0.74320734  0.6745659  0.979571  0.98712975  0.79754853  0.69744635  0.2145046  0.16710931  0.94075584  1.0  1.0  0.9775281  0.9074566  
0.81164455  1.0  0.95566905  0.30929518  0.0  0.5129724  0.34994894  0.57385087  0.1995914  0.45270687  0.4921348  0.99979573  0.9775281  0.8539326  1.0  0.81961185  0.8194076  0.36649644  0.45842695  0.97058225  0.96629214  0.52768135  0.5240041  0.29050052  0.40081716  0.93360573  1.0  1.0  0.9920327  0.94341165  
0.69213486  1.0  0.36322778  0.68396324  0.5129724  0.0  0.5358529  0.4909091  0.58345246  0.8120531  0.6251277  0.6163432  0.97773236  0.8978549  0.9814096  0.2700715  0.30214506  0.3201226  0.6286006  0.92727274  0.9444331  0.67722166  0.72931564  0.7427988  0.8122574  0.966905  1.0  1.0  0.37834525  0.82860065  
0.86905  0.90990806  0.9170582  0.7240041  0.34994894  0.5358529  0.0  0.47926456  0.57568944  0.726047  0.35423905  0.9652707  0.8872319  0.6163432  0.7587334  0.6972421  0.7409601  0.19141984  0.5820224  0.9170582  0.7303371  0.33769155  0.57568944  0.78488255  0.89724207  0.8935649  0.9656793  1.0  0.8398366  0.8784474  
0.28253317  0.90990806  0.9587334  0.8061287  0.57385087  0.4909091  0.47926456  0.0  0.7172625  0.78243107  0.27313584  0.985904  0.89581203  0.6727273  0.75934625  0.71011233  0.8147089  0.3137896  0.7043922  0.927477  0.74320734  0.35975486  0.7215526  0.8198161  0.8892748  0.89295197  0.9656793  1.0  0.8786517  0.89152193  
0.8398366  0.9914198  0.9711951  0.1611849  0.1995914  0.58345246  0.57568944  0.7172625  0.0  0.7107252  0.57385087  0.9957099  0.9775281  0.8872319  0.9775281  0.78447396  0.875383  0.59284985  0.43575078  0.9695608  0.9566905  0.73707867  0.6071502  0.23391217  0.29009193  0.9507661  0.99673134  1.0  0.98018384  0.9015322  
0.56956077  0.98712975  0.98447394  0.6490296  0.45270687  0.8120531  0.726047  0.78243107  0.7107252  0.0  0.72522986  0.99897856  0.97854954  0.9105209  0.96629214  0.94463736  0.8057201  0.72073543  0.55852914  0.9834525  0.95342183  0.58345246  0.845761  0.41327888  0.4349336  0.89295197  0.99509704  1.0  0.9861083  0.9861083  
0.52420837  0.7570991  0.97180796  0.683759  0.4921348  0.6251277  0.35423905  0.27313584  0.57385087  0.72522986  0.0  0.9861083  0.7501532  0.29172623  0.381001  0.50623083  0.6651685  0.17303371  0.5959142  0.83738506  0.3611849  0.052706838  0.639428  0.6518897  0.7213483  0.73564863  0.9058223  0.98876405  0.76036775  0.7417773  
0.9957099  1.0  0.6040858  0.9924413  0.99979573  0.6163432  0.9652707  0.985904  0.9957099  0.99897856  0.9861083  0.0  1.0  0.99305415  0.99305415  0.6179775  0.61777323  0.8541369  0.9818182  0.9791624  1.0  0.9928498  1.0  1.0  1.0  1.0  0.9881512  1.0  0.6179775  0.9097038  
0.9442288  0.8757916  0.9948928  0.9914198  0.9775281  0.97773236  0.8872319  0.89581203  0.9775281  0.97854954  0.7501532  1.0  0.0  0.43207353  0.37242085  0.8245148  0.9033708  0.80939734  0.9646578  0.26864147  0.70725226  0.71011233  0.95178753  0.973238  0.9773238  0.40469867  0.9342186  1.0  0.50602657  0.04821247  
0.8539326  0.74320734  0.97221655  0.9440245  0.8539326  0.8978549  0.6163432  0.6727273  0.8872319  0.9105209  0.29172623  0.99305415  0.43207353  0.0  0.1115424  0.56404495  0.72972417  0.46455568  0.8512768  0.75505614  0.34933603  0.2776302  0.8198161  0.9092952  0.9358529  0.3777324  0.9031665  1.0  0.6833503  0.4353422  
0.8539326  0.70806944  0.9775281  0.99979573  1.0  0.9814096  0.7587334  0.75934625  0.9775281  0.96629214  0.381001  0.99305415  0.37242085  0.1115424  0.0  0.5816139  0.7052094  0.592237  0.9436159  0.6171604  0.3611849  0.36608785  0.9101124  0.94382024  0.94382024  0.3611849  0.86966294  0.94382024  0.6486211  0.3773238  
0.84004086  0.85025537  0.371808  0.8083759  0.81961185  0.2700715  0.6972421  0.71011233  0.78447396  0.94463736  0.50623083  0.6179775  0.8245148  0.56404495  0.5816139  0.0  0.20878446  0.41777325  0.87722164  0.8657814  0.61307454  0.5334014  0.85434115  0.79795706  0.8143003  0.7969357  0.94177735  1.0  0.23003066  0.66455567  
0.84126663  0.6727273  0.37385088  0.8631256  0.8194076  0.30214506  0.7409601  0.8147089  0.875383  0.8057201  0.6651685  0.61777323  0.9033708  0.72972417  0.7052094  0.20878446  0.0  0.51603675  0.83656794  0.9015322  0.759142  0.63758934  0.8968335  0.8108274  0.8271706  0.8631256  0.81879467  0.6179775  0.2902962  0.7554648  
0.7438202  0.84596527  0.7346271  0.74320734  0.36649644  0.3201226  0.19141984  0.3137896  0.59284985  0.72073543  0.17303371  0.8541369  0.80939734  0.46455568  0.592237  0.41777325  0.51603675  0.0  0.5687436  0.8559755  0.58426964  0.17242086  0.55975485  0.7940756  0.90643513  0.7834525  0.93360573  1.0  0.61307454  0.79509705  
0.59673136  0.97854954  0.9385087  0.6745659  0.45842695  0.6286006  0.5820224  0.7043922  0.43575078  0.55852914  0.5959142  0.9818182  0.9646578  0.8512768  0.9436159  0.87722164  0.83656794  0.5687436  0.0  0.97058225  0.9144025  0.6061287  0.7342186  0.66619  0.7383044  0.93237996  0.9918284  1.0  0.9656793  0.9628192  
0.9644535  0.9360572  0.9628192  0.979571  0.97058225  0.92727274  0.9170582  0.927477  0.9695608  0.9834525  0.83738506  0.9791624  0.26864147  0.75505614  0.6171604  0.8657814  0.9015322  0.8559755  0.97058225  0.0  0.70684373  0.8134831  0.96220636  0.97017366  0.97425944  0.785904  0.9593463  1.0  0.52339125  0.30214506  
0.8539326  0.76404494  0.9875383  0.98712975  0.96629214  0.9444331  0.7303371  0.74320734  0.9566905  0.95342183  0.3611849  1.0  0.70725226  0.34933603  0.3611849  0.61307454  0.759142  0.58426964  0.9144025  0.70684373  0.0  0.3403473  0.8892748  0.9358529  0.9419816  0.6731359  0.9101124  1.0  0.76404494  0.74320734  
0.54954034  0.7546476  0.9630235  0.79754853  0.52768135  0.67722166  0.33769155  0.35975486  0.73707867  0.58345246  0.052706838  0.9928498  0.71011233  0.2776302  0.36608785  0.5334014  0.63758934  0.17242086  0.6061287  0.8134831  0.3403473  0.0  0.67395306  0.7076609  0.7771195  0.6367722  0.9015322  1.0  0.7470889  0.7440245  
0.96118486  0.9656793  0.98283964  0.69744635  0.5240041  0.72931564  0.57568944  0.7215526  0.6071502  0.845761  0.639428  1.0  0.95178753  0.8198161  0.9101124  0.85434115  0.8968335  0.55975485  0.7342186  0.96220636  0.8892748  0.67395306  0.0  0.7554648  0.8249234  0.9507661  0.9869254  1.0  0.9630235  0.9444331  
0.68580186  0.97854954  0.993667  0.2145046  0.29050052  0.7427988  0.78488255  0.8198161  0.23391217  0.41327888  0.6518897  1.0  0.973238  0.9092952  0.94382024  0.79795706  0.8108274  0.7940756  0.66619  0.97017366  0.9358529  0.7076609  0.7554648  0.0  0.037793696  0.886619  0.9918284  1.0  0.9673136  0.8886619  
0.6778345  0.97854954  0.9977528  0.16710931  0.40081716  0.8122574  0.89724207  0.8892748  0.29009193  0.4349336  0.7213483  1.0  0.9773238  0.9358529  0.94382024  0.8143003  0.8271706  0.90643513  0.7383044  0.97425944  0.9419816  0.7771195  0.8249234  0.037793696  0.0  0.8886619  0.9918284  1.0  0.9673136  0.8886619  
0.8855975  0.82757914  0.9953013  0.94075584  0.93360573  0.966905  0.8935649  0.89295197  0.9507661  0.89295197  0.73564863  1.0  0.40469867  0.3777324  0.3611849  0.7969357  0.8631256  0.7834525  0.93237996  0.785904  0.6731359  0.6367722  0.9507661  0.886619  0.8886619  0.0  0.9111338  0.9775281  0.85903984  0.4968335  
0.9787538  0.81368744  0.9983657  1.0  1.0  1.0  0.9656793  0.9656793  0.99673134  0.99509704  0.9058223  0.9881512  0.9342186  0.9031665  0.86966294  0.94177735  0.81879467  0.93360573  0.9918284  0.9593463  0.9101124  0.9015322  0.9869254  0.9918284  0.9918284  0.9111338  0.0  0.76404494  0.96220636  0.95771194  
1.0  0.37385088  1.0  1.0  1.0  1.0  1.0  1.0  1.0  1.0  0.98876405  1.0  1.0  1.0  0.94382024  1.0  0.6179775  1.0  1.0  1.0  1.0  1.0  1.0  1.0  1.0  0.9775281  0.76404494  0.0  1.0  0.9991828  
0.9421859  0.90561795  0.3777324  0.9775281  0.9920327  0.37834525  0.8398366  0.8786517  0.98018384  0.9861083  0.76036775  0.6179775  0.50602657  0.6833503  0.6486211  0.23003066  0.2902962  0.61307454  0.9656793  0.52339125  0.76404494  0.7470889  0.9630235  0.9673136  0.9673136  0.85903984  0.96220636  1.0  0.0  0.36057204  
0.93503577  0.888049  0.8496425  0.9074566  0.94341165  0.82860065  0.8784474  0.89152193  0.9015322  0.9861083  0.7417773  0.9097038  0.04821247  0.4353422  0.3773238  0.66455567  0.7554648  0.79509705  0.9628192  0.30214506  0.74320734  0.7440245  0.9444331  0.8886619  0.8886619  0.4968335  0.95771194  0.9991828  0.36057204  0.0  

